   Effective geomagnetic cutoff (vertical) rigidity, calculated in the geomagnetic field IGRF for flat spectrum (gamma=0)
     Station             Lat     Lon     H,m  P0,mb  1950  1951  1952  1953  1954  1955  1956  1957  1958  1959  1960  1961  1962  1963  1964  1965  1966  1967  1968  1969  1970  1971  1972  1973  1974  1975  1976  1977  1978  1979  1980  1981  1982  1983  1984  1985  1986  1987  1988  1989  1990  1991  1992  1993  1994  1995  1996  1997  1998  1999  2000  2001  2002  2003  2004  2005  2006  2007  2008  2009  2010  2011  2012  2013  2014  2015  2016  2017  2018  2019  2020
----------------------------------------------------------------------------------------------------------------------------------------------------------------------------------------------------------------------------------------------------------------------------------------------------------------------------------------------------------------------------------------------------------------------------------------------------------------------------------------------
AlmaAtaB               43.14   76.60    3340    675   6.67  6.67  6.68  6.67  6.68  6.68  6.69  6.67  6.67  6.68  6.68  6.67  6.68  6.68  6.68  6.68  6.67  6.68  6.66  6.67  6.66  6.65  6.64  6.65  6.64  6.64  6.61  6.60  6.60  6.58  6.56  6.54  6.50  6.49  6.47  6.46  6.45  6.43  6.43  6.42  6.40  6.39  6.38  6.39  6.37  6.35  6.35  6.33  6.31  6.31  6.28  6.28  6.26  6.25  6.23  6.20  6.19  6.18  6.15  6.13  6.09  6.08  6.04  6.03  6.02  5.99  5.97  5.95  5.93  5.90  5.90     1
Ahmedabad              23.01   72.61      50   1000  15.85 15.86 15.86 15.87 15.88 15.88 15.89 15.89 15.89 15.89 15.89 15.90 15.90 15.90 15.90 15.90 15.89 15.89 15.88 15.88 15.87 15.85 15.84 15.83 15.82 15.81 15.80 15.79 15.78 15.77 15.76 15.74 15.73 15.71 15.69 15.68 15.67 15.66 15.66 15.65 15.64 15.64 15.64 15.64 15.63 15.63 15.63 15.62 15.62 15.61 15.61 15.60 15.60 15.59 15.59 15.58 15.57 15.56 15.55 15.54 15.53 15.52 15.51 15.50 15.49 15.48 15.47 15.47 15.46 15.45 15.44     2
Albuquerque            35.08 -106.62    1567    910   4.37  4.37  4.38  4.37  4.37  4.36  4.36  4.36  4.34  4.35  4.35  4.34  4.34  4.33  4.32  4.30  4.32  4.28  4.28  4.29  4.26  4.27  4.26  4.26  4.26  4.25  4.24  4.22  4.22  4.22  4.20  4.17  4.18  4.18  4.18  4.18  4.15  4.14  4.16  4.12  4.13  4.11  4.11  4.09  4.09  4.10  4.08  4.07  4.06  4.06  4.06  4.05  4.04  4.05  4.04  4.03  4.01  4.01  4.00  3.99  3.99  3.98  3.97  3.97  3.98  3.96  3.95  3.93  3.93  3.92  3.89     3
Apatity                67.55   33.33     177   1000   0.59  0.58  0.58  0.59  0.59  0.58  0.59  0.59  0.59  0.59  0.58  0.58  0.58  0.59  0.58  0.59  0.58  0.59  0.58  0.59  0.58  0.58  0.59  0.58  0.58  0.58  0.58  0.57  0.57  0.57  0.57  0.56  0.57  0.56  0.56  0.57  0.56  0.56  0.56  0.55  0.55  0.55  0.55  0.53  0.54  0.54  0.55  0.53  0.54  0.53  0.53  0.53  0.53  0.52  0.52  0.52  0.52  0.52  0.51  0.51  0.51  0.51  0.50  0.50  0.49  0.50  0.50  0.50  0.50  0.49  0.48     4
Athens                 37.97   23.72      40   1000   8.61  8.64  8.63  8.62  8.62  8.63  8.63  8.63  8.62  8.62  8.62  8.62  8.63  8.62  8.63  8.62  8.61  8.61  8.62  8.60  8.59  8.60  8.61  8.60  8.60  8.59  8.58  8.56  8.57  8.55  8.53  8.53  8.52  8.49  8.48  8.46  8.44  8.44  8.44  8.41  8.41  8.39  8.39  8.36  8.37  8.34  8.33  8.33  8.31  8.31  8.29  8.29  8.28  8.27  8.27  8.30  8.27  8.27  8.27  8.26  8.25  8.24  8.26  8.23  8.22  8.23  8.23  8.20  8.22  8.21  8.21     5
Baksan                 43.28   42.69    1700    820   6.08  6.08  6.07  6.07  6.07  6.06  6.05  6.05  6.06  6.04  6.07  6.05  6.05  6.05  6.06  6.05  6.05  6.03  6.07  6.04  6.04  6.04  6.03  6.03  6.03  6.01  6.01  5.99  5.99  5.99  5.95  5.94  5.93  5.90  5.89  5.88  5.88  5.88  5.86  5.86  5.85  5.84  5.84  5.83  5.82  5.82  5.81  5.80  5.79  5.76  5.75  5.75  5.74  5.71  5.70  5.70  5.69  5.69  5.66  5.66  5.64  5.64  5.62  5.64  5.61  5.60  5.60  5.59  5.59  5.56  5.55     6
Barentsburg            78.12   14.42       0   1013   0.07  0.07  0.07  0.07  0.07  0.07  0.07  0.07  0.07  0.07  0.07  0.07  0.07  0.07  0.07  0.07  0.07  0.07  0.07  0.07  0.07  0.07  0.07  0.07  0.07  0.07  0.07  0.07  0.07  0.07  0.07  0.07  0.07  0.07  0.07  0.07  0.07  0.06  0.07  0.07  0.07  0.06  0.06  0.06  0.06  0.06  0.06  0.06  0.06  0.06  0.06  0.06  0.06  0.06  0.06  0.06  0.06  0.06  0.06  0.06  0.06  0.06  0.06  0.06  0.06  0.05  0.05  0.05  0.05  0.05  0.05     7
Bern                   46.95    7.98     570   1000   4.28  4.27  4.29  4.29  4.29  4.30  4.29  4.32  4.31  4.30  4.32  4.30  4.33  4.31  4.32  4.32  4.33  4.31  4.34  4.34  4.32  4.33  4.34  4.34  4.36  4.37  4.36  4.36  4.35  4.35  4.37  4.38  4.37  4.35  4.35  4.37  4.36  4.35  4.33  4.34  4.34  4.35  4.34  4.34  4.34  4.33  4.35  4.35  4.33  4.35  4.32  4.35  4.33  4.34  4.32  4.33  4.35  4.33  4.33  4.34  4.36  4.36  4.36  4.34  4.36  4.35  4.36  4.36  4.38  4.37  4.38     8
Berkeley               37.87 -122.27      70   1024   4.50  4.53  4.53  4.52  4.53  4.52  4.49  4.49  4.51  4.51  4.51  4.50  4.51  4.50  4.49  4.47  4.47  4.47  4.45  4.45  4.45  4.45  4.46  4.46  4.42  4.45  4.45  4.42  4.41  4.41  4.41  4.40  4.37  4.39  4.40  4.37  4.38  4.38  4.37  4.36  4.38  4.37  4.36  4.36  4.36  4.36  4.36  4.37  4.36  4.36  4.35  4.36  4.34  4.35  4.35  4.34  4.34  4.31  4.35  4.36  4.33  4.34  4.31  4.31  4.31  4.30  4.29  4.27  4.26  4.26  4.26     9
Beijing                39.08  116.27      48   1000   9.84  9.84  9.85  9.86  9.88  9.89  9.88  9.90  9.90  9.90  9.90  9.91  9.93  9.94  9.94  9.95  9.94  9.94  9.94  9.95  9.94  9.94  9.94  9.94  9.93  9.93  9.93  9.93  9.93  9.93  9.93  9.91  9.90  9.89  9.87  9.85  9.84  9.82  9.79  9.77  9.75  9.72  9.68  9.65  9.64  9.60  9.59  9.57  9.53  9.52  9.50  9.49  9.48  9.47  9.45  9.42  9.41  9.39  9.37  9.35  9.32  9.29  9.27  9.24  9.20  9.19  9.15  9.12  9.09  9.05  9.01    10
Brisbane              -27.42  153.12       0   1010   7.33  7.31  7.29  7.28  7.28  7.25  7.26  7.25  7.24  7.24  7.22  7.20  7.20  7.18  7.16  7.16  7.15  7.14  7.12  7.11  7.09  7.09  7.08  7.06  7.04  7.03  7.02  7.00  6.99  6.97  6.96  6.97  6.96  6.95  6.94  6.94  6.94  6.95  6.94  6.96  6.96  6.97  6.97  6.97  6.99  7.00  7.00  7.01  7.01  7.03  7.02  7.03  7.03  7.04  7.05  7.05  7.06  7.06  7.05  7.06  7.06  7.07  7.08  7.07  7.07  7.08  7.08  7.07  7.07  7.06  7.07    11
BuenosAires           -34.60  -58.48       0   1000  10.70 10.67 10.64 10.61 10.58 10.55 10.52 10.48 10.45 10.41 10.38 10.35 10.31 10.27 10.24 10.20 10.17 10.13 10.09 10.06 10.03  9.98  9.95  9.91  9.86  9.85  9.80  9.77  9.72  9.68  9.64  9.59  9.54  9.49  9.45  9.41  9.38  9.34  9.30  9.24  9.22  9.18  9.14  9.09  9.05  9.01  8.97  8.93  8.88  8.83  8.78  8.74  8.67  8.63  8.60  8.56  8.53  8.48  8.45  8.40  8.36  8.30  8.26  8.21  8.18  8.13  8.09  8.05  7.99  7.95  7.89    12
Bure                   44.63    5.91    2552    750   4.94  4.97  4.94  4.94  4.95  4.95  4.95  4.96  4.98  4.97  4.98  4.99  4.99  5.01  5.00  5.01  4.99  5.02  5.00  5.02  5.00  5.04  5.04  5.06  5.05  5.05  5.06  5.06  5.07  5.08  5.06  5.09  5.06  5.10  5.06  5.07  5.07  5.07  5.07  5.07  5.07  5.07  5.06  5.07  5.06  5.06  5.07  5.05  5.05  5.05  5.05  5.05  5.07  5.06  5.06  5.05  5.05  5.06  5.08  5.07  5.08  5.08  5.09  5.08  5.11  5.09  5.09  5.11  5.12  5.13  5.12    13
Calgary                51.08 -114.13    1128    883   1.07  1.07  1.06  1.06  1.07  1.06  1.07  1.07  1.07  1.06  1.07  1.07  1.06  1.06  1.06  1.06  1.07  1.06  1.06  1.06  1.06  1.06  1.05  1.05  1.06  1.06  1.07  1.06  1.05  1.05  1.04  1.05  1.05  1.06  1.06  1.06  1.05  1.05  1.06  1.05  1.05  1.05  1.06  1.07  1.05  1.07  1.06  1.07  1.07  1.07  1.08  1.08  1.09  1.09  1.09  1.11  1.09  1.10  1.11  1.11  1.11  1.11  1.12  1.11  1.11  1.13  1.11  1.11  1.13  1.11  1.12    14
Guadalajara_Alcala     40.56    3.16     708    950   6.40  6.40  6.43  6.42  6.42  6.43  6.44  6.45  6.46  6.47  6.48  6.49  6.48  6.52  6.52  6.52  6.53  6.53  6.54  6.56  6.57  6.60  6.59  6.61  6.61  6.62  6.64  6.65  6.67  6.69  6.69  6.68  6.69  6.71  6.71  6.70  6.70  6.71  6.70  6.72  6.72  6.71  6.72  6.72  6.72  6.71  6.71  6.72  6.73  6.72  6.73  6.72  6.73  6.73  6.73  6.73  6.74  6.76  6.77  6.79  6.80  6.81  6.81  6.82  6.84  6.86  6.86  6.87  6.88  6.89  6.91    15
CapeShmidt             68.92 -179.47       0   1016   0.54  0.55  0.55  0.54  0.55  0.55  0.54  0.55  0.55  0.55  0.54  0.54  0.54  0.55  0.54  0.55  0.55  0.55  0.55  0.55  0.54  0.54  0.54  0.54  0.54  0.54  0.54  0.54  0.54  0.53  0.54  0.54  0.54  0.53  0.52  0.53  0.53  0.52  0.52  0.51  0.51  0.51  0.50  0.50  0.50  0.50  0.50  0.50  0.49  0.48  0.48  0.49  0.48  0.48  0.48  0.47  0.47  0.47  0.47  0.46  0.46  0.45  0.45  0.45  0.45  0.44  0.44  0.44  0.43  0.43  0.42    16
Cordoba               -31.42  -64.20     434    982  11.51 11.48 11.45 11.42 11.39 11.36 11.33 11.30 11.27 11.23 11.19 11.17 11.14 11.10 11.07 11.04 11.01 10.97 10.94 10.90 10.87 10.83 10.80 10.76 10.73 10.69 10.65 10.61 10.58 10.55 10.52 10.49 10.46 10.41 10.38 10.34 10.30 10.26 10.23 10.19 10.15 10.12 10.08 10.06 10.02  9.99  9.95  9.92  9.89  9.85  9.81  9.78  9.74  9.72  9.68  9.65  9.60  9.56  9.52  9.48  9.45  9.41  9.37  9.32  9.29  9.25  9.21  9.18  9.13  9.10  9.06    17
Chacaltaya            -16.32  -68.15    5200    552  13.16 13.14 13.13 13.11 13.09 13.07 13.05 13.02 13.00 12.98 12.95 12.94 12.92 12.90 12.88 12.86 12.83 12.81 12.79 12.76 12.74 12.72 12.69 12.67 12.65 12.62 12.60 12.59 12.57 12.55 12.52 12.50 12.48 12.46 12.44 12.41 12.39 12.37 12.35 12.32 12.30 12.28 12.26 12.24 12.22 12.19 12.17 12.15 12.13 12.10 12.08 12.06 12.03 12.01 11.99 11.97 11.95 11.92 11.90 11.88 11.85 11.83 11.81 11.78 11.76 11.73 11.71 11.68 11.66 11.63 11.61    18
Chicago                41.83  -87.67     200   1000   1.66  1.68  1.66  1.66  1.67  1.66  1.67  1.68  1.68  1.67  1.69  1.69  1.70  1.69  1.69  1.69  1.70  1.70  1.70  1.71  1.71  1.72  1.72  1.73  1.72  1.73  1.73  1.74  1.74  1.74  1.75  1.76  1.76  1.74  1.75  1.77  1.79  1.77  1.77  1.77  1.78  1.79  1.79  1.80  1.80  1.81  1.80  1.82  1.82  1.84  1.85  1.85  1.84  1.87  1.85  1.85  1.87  1.89  1.88  1.88  1.91  1.92  1.94  1.94  1.94  1.96  1.98  1.99  2.01  2.01  2.01    19
Churchill              58.75  -94.08      39   1000   0.19  0.19  0.19  0.19  0.19  0.19  0.19  0.19  0.19  0.19  0.19  0.19  0.19  0.20  0.20  0.20  0.20  0.20  0.20  0.20  0.20  0.20  0.20  0.20  0.20  0.20  0.20  0.20  0.20  0.21  0.21  0.21  0.21  0.21  0.21  0.22  0.21  0.21  0.22  0.22  0.22  0.22  0.22  0.22  0.22  0.23  0.23  0.23  0.24  0.24  0.24  0.24  0.24  0.24  0.25  0.25  0.25  0.25  0.26  0.26  0.26  0.27  0.27  0.27  0.28  0.28  0.28  0.29  0.29  0.29  0.29    20
Climax                 39.37 -106.18    3400    685   3.00  3.00  2.99  3.00  2.99  3.00  3.00  2.99  2.98  2.99  3.00  2.97  2.97  2.98  2.95  2.95  2.97  2.94  2.96  2.94  2.95  2.95  2.96  2.94  2.95  2.93  2.94  2.92  2.91  2.91  2.90  2.90  2.92  2.91  2.90  2.90  2.88  2.89  2.89  2.88  2.88  2.87  2.86  2.86  2.87  2.86  2.87  2.89  2.87  2.88  2.87  2.88  2.89  2.88  2.88  2.89  2.89  2.89  2.90  2.88  2.90  2.91  2.89  2.89  2.90  2.89  2.90  2.89  2.90  2.89  2.89    21
College                64.08 -147.83      91   1013   0.55  0.55  0.55  0.55  0.56  0.55  0.55  0.55  0.55  0.55  0.55  0.55  0.55  0.54  0.55  0.55  0.55  0.55  0.55  0.55  0.55  0.55  0.54  0.55  0.55  0.54  0.54  0.55  0.53  0.54  0.53  0.54  0.54  0.53  0.53  0.54  0.53  0.52  0.52  0.53  0.52  0.52  0.52  0.52  0.52  0.51  0.52  0.52  0.51  0.52  0.52  0.52  0.52  0.51  0.50  0.51  0.51  0.50  0.50  0.50  0.50  0.50  0.50  0.50  0.49  0.50  0.49  0.50  0.49  0.49  0.49    22
Dallas                 32.98  -96.73     208   1017   4.28  4.26  4.26  4.24  4.26  4.23  4.23  4.24  4.23  4.23  4.23  4.20  4.20  4.18  4.19  4.18  4.18  4.16  4.16  4.15  4.14  4.13  4.13  4.13  4.11  4.10  4.10  4.07  4.07  4.06  4.05  4.03  4.01  4.01  4.00  3.98  3.98  3.97  3.95  3.94  3.93  3.92  3.92  3.91  3.90  3.92  3.92  3.93  3.90  3.91  3.92  3.92  3.91  3.95  3.94  3.93  3.94  3.95  3.96  3.95  3.97  3.97  3.96  3.97  3.97  3.97  3.95  3.97  3.98  4.00  3.96    23
Denver                 39.67 -104.97    1600    850   2.90  2.89  2.89  2.87  2.88  2.88  2.86  2.85  2.87  2.86  2.85  2.85  2.84  2.84  2.84  2.83  2.83  2.83  2.84  2.84  2.82  2.83  2.83  2.82  2.82  2.81  2.82  2.81  2.80  2.80  2.78  2.78  2.78  2.78  2.79  2.78  2.76  2.78  2.75  2.76  2.76  2.77  2.77  2.76  2.75  2.74  2.76  2.75  2.74  2.74  2.73  2.73  2.73  2.74  2.74  2.76  2.75  2.75  2.75  2.76  2.76  2.76  2.76  2.76  2.78  2.77  2.79  2.77  2.79  2.77  2.79    24
DeepRiver              46.10  -77.50     145    996   0.97  0.98  0.97  0.97  0.97  0.97  0.97  0.98  0.99  0.99  0.99  0.99  1.00  1.00  1.00  1.01  1.01  1.02  1.02  1.03  1.03  1.05  1.04  1.05  1.07  1.07  1.08  1.09  1.09  1.10  1.09  1.11  1.11  1.13  1.12  1.13  1.13  1.13  1.14  1.15  1.17  1.17  1.17  1.17  1.20  1.20  1.20  1.21  1.23  1.23  1.24  1.25  1.26  1.27  1.27  1.28  1.29  1.31  1.31  1.34  1.34  1.36  1.37  1.38  1.39  1.40  1.43  1.46  1.46  1.47  1.46    25
Dourbes                50.10    4.60     225    987   3.16  3.14  3.17  3.17  3.16  3.16  3.18  3.18  3.18  3.20  3.19  3.19  3.20  3.20  3.21  3.22  3.21  3.23  3.20  3.22  3.24  3.24  3.26  3.26  3.25  3.26  3.26  3.28  3.25  3.26  3.30  3.27  3.27  3.27  3.28  3.26  3.28  3.27  3.27  3.26  3.28  3.29  3.29  3.28  3.29  3.26  3.27  3.28  3.29  3.26  3.27  3.26  3.28  3.27  3.26  3.28  3.28  3.30  3.27  3.29  3.28  3.29  3.29  3.30  3.32  3.32  3.31  3.31  3.32  3.33  3.34    26
Durham                 43.10  -70.83       0   1000   1.35  1.35  1.35  1.35  1.36  1.37  1.37  1.37  1.39  1.39  1.40  1.41  1.42  1.40  1.43  1.44  1.45  1.46  1.46  1.47  1.49  1.50  1.51  1.51  1.52  1.52  1.53  1.54  1.54  1.55  1.56  1.57  1.58  1.60  1.63  1.63  1.63  1.64  1.65  1.66  1.68  1.68  1.71  1.71  1.73  1.76  1.75  1.78  1.78  1.81  1.82  1.83  1.85  1.87  1.86  1.87  1.90  1.90  1.92  1.93  1.95  1.96  1.99  2.01  2.02  2.04  2.06  2.08  2.08  2.12  2.13    27
Darwin                -12.43  130.87       0   1000  14.44 14.44 14.43 14.42 14.41 14.40 14.39 14.38 14.37 14.36 14.35 14.33 14.32 14.31 14.30 14.28 14.27 14.26 14.24 14.23 14.22 14.20 14.19 14.17 14.16 14.15 14.13 14.12 14.11 14.09 14.09 14.08 14.07 14.07 14.06 14.05 14.06 14.06 14.06 14.06 14.06 14.07 14.07 14.08 14.09 14.10 14.10 14.11 14.12 14.12 14.13 14.13 14.13 14.13 14.13 14.13 14.13 14.14 14.14 14.14 14.14 14.15 14.15 14.15 14.16 14.16 14.16 14.17 14.17 14.17 14.17    28
Yerevan                40.17   44.25    2000    800   7.65  7.64  7.63  7.63  7.63  7.62  7.62  7.61  7.61  7.60  7.60  7.60  7.58  7.60  7.60  7.59  7.59  7.58  7.57  7.58  7.56  7.56  7.56  7.56  7.55  7.53  7.51  7.48  7.48  7.45  7.44  7.42  7.39  7.37  7.34  7.33  7.32  7.30  7.28  7.27  7.26  7.24  7.23  7.22  7.21  7.20  7.18  7.18  7.15  7.15  7.12  7.11  7.08  7.08  7.05  7.04  7.02  7.00  6.99  6.98  6.95  6.95  6.91  6.90  6.90  6.88  6.86  6.86  6.84  6.83  6.82    29
ESOI_MtHermon          33.30   35.79    2055    800  10.68 10.69 10.69 10.69 10.69 10.69 10.68 10.68 10.68 10.67 10.68 10.67 10.68 10.68 10.68 10.68 10.68 10.67 10.67 10.66 10.66 10.66 10.65 10.64 10.63 10.63 10.61 10.59 10.58 10.56 10.53 10.51 10.48 10.47 10.44 10.42 10.40 10.39 10.38 10.36 10.34 10.34 10.33 10.33 10.32 10.32 10.32 10.31 10.29 10.28 10.29 10.28 10.26 10.26 10.24 10.24 10.23 10.20 10.20 10.21 10.23 10.23 10.24 10.23 10.23 10.23 10.24 10.24 10.26 10.26 10.27    30
FortSmith              60.02 -111.93       0   1000   0.28  0.28  0.28  0.28  0.28  0.28  0.28  0.28  0.28  0.28  0.28  0.28  0.28  0.28  0.28  0.28  0.28  0.28  0.28  0.28  0.28  0.28  0.29  0.28  0.28  0.28  0.28  0.28  0.28  0.28  0.28  0.28  0.28  0.28  0.28  0.28  0.28  0.28  0.29  0.29  0.29  0.28  0.29  0.29  0.29  0.29  0.29  0.30  0.30  0.30  0.30  0.30  0.30  0.31  0.31  0.31  0.31  0.31  0.31  0.31  0.31  0.31  0.32  0.32  0.32  0.32  0.32  0.33  0.33  0.32  0.33    31
Fukushima              37.75  140.48      66   1000  10.35 10.36 10.37 10.39 10.40 10.39 10.39 10.40 10.40 10.41 10.41 10.42 10.43 10.43 10.44 10.44 10.45 10.45 10.45 10.45 10.44 10.45 10.45 10.45 10.45 10.46 10.47 10.48 10.48 10.49 10.49 10.48 10.47 10.46 10.46 10.45 10.43 10.41 10.40 10.39 10.36 10.34 10.31 10.29 10.27 10.25 10.24 10.23 10.21 10.18 10.18 10.16 10.14 10.14 10.14 10.13 10.12 10.10 10.10 10.10 10.09 10.09 10.09 10.10 10.08 10.09 10.11 10.12 10.15 10.17 10.19    32
GooseBay               53.27  -60.40      46   1011   0.49  0.49  0.49  0.49  0.49  0.50  0.50  0.50  0.51  0.51  0.52  0.52  0.52  0.53  0.53  0.54  0.53  0.54  0.54  0.55  0.56  0.56  0.56  0.57  0.57  0.59  0.59  0.59  0.60  0.61  0.61  0.62  0.63  0.63  0.64  0.64  0.65  0.65  0.66  0.67  0.67  0.68  0.69  0.69  0.70  0.70  0.71  0.72  0.73  0.73  0.75  0.76  0.76  0.76  0.78  0.78  0.80  0.80  0.82  0.82  0.84  0.83  0.83  0.86  0.88  0.88  0.89  0.89  0.92  0.92  0.94    33
Halle                  51.48   11.97     100   1000   2.98  2.98  2.97  2.96  2.96  2.99  2.99  2.96  2.99  2.97  2.98  3.00  3.01  2.98  3.00  2.99  3.01  3.03  3.01  3.01  3.01  3.01  3.01  3.02  3.02  3.01  3.01  3.03  3.02  3.02  3.03  3.01  3.01  3.00  3.00  2.98  3.01  3.00  3.01  3.01  3.01  2.99  2.99  2.99  2.99  2.99  2.99  2.99  2.99  2.98  2.98  2.97  2.98  2.97  2.97  2.98  2.97  2.95  2.97  2.97  2.98  2.97  2.96  2.98  2.98  2.98  2.99  3.00  2.97  2.99  2.97    34
Hobart                -42.90  147.33       0   1000   1.90  1.90  1.88  1.90  1.88  1.90  1.88  1.88  1.87  1.87  1.87  1.86  1.86  1.86  1.85  1.85  1.83  1.83  1.84  1.83  1.84  1.83  1.82  1.82  1.82  1.80  1.81  1.80  1.80  1.78  1.79  1.77  1.78  1.79  1.78  1.78  1.78  1.77  1.77  1.79  1.77  1.77  1.78  1.77  1.78  1.79  1.80  1.80  1.81  1.81  1.81  1.81  1.82  1.82  1.82  1.83  1.82  1.84  1.84  1.84  1.84  1.85  1.86  1.85  1.85  1.87  1.87  1.87  1.86  1.88  1.88    35
Hafelekar              47.31   11.38    2290    830   4.26  4.25  4.26  4.26  4.26  4.25  4.29  4.27  4.28  4.28  4.28  4.28  4.29  4.28  4.28  4.29  4.30  4.30  4.30  4.30  4.31  4.32  4.30  4.32  4.30  4.31  4.32  4.31  4.32  4.31  4.30  4.32  4.31  4.32  4.32  4.29  4.28  4.29  4.29  4.28  4.27  4.28  4.26  4.26  4.26  4.28  4.28  4.27  4.26  4.25  4.25  4.25  4.26  4.24  4.26  4.23  4.26  4.25  4.26  4.25  4.28  4.25  4.26  4.27  4.26  4.27  4.27  4.27  4.27  4.28  4.29    36
Haleakala              20.72 -156.27    3052    724  13.27 13.26 13.26 13.24 13.23 13.22 13.21 13.20 13.19 13.18 13.16 13.15 13.13 13.12 13.11 13.09 13.08 13.07 13.06 13.04 13.03 13.02 13.01 12.99 12.98 12.97 12.95 12.94 12.92 12.91 12.89 12.88 12.87 12.86 12.85 12.83 12.82 12.81 12.80 12.79 12.78 12.78 12.77 12.77 12.76 12.75 12.74 12.74 12.73 12.72 12.71 12.70 12.69 12.68 12.67 12.66 12.64 12.63 12.62 12.60 12.59 12.57 12.55 12.53 12.52 12.49 12.48 12.45 12.43 12.42 12.39    37
Hermanus              -34.42   19.22      26   1013   4.83  4.83  4.80  4.80  4.81  4.82  4.81  4.78  4.78  4.78  4.78  4.75  4.73  4.75  4.73  4.72  4.69  4.68  4.66  4.65  4.63  4.61  4.59  4.59  4.57  4.56  4.56  4.53  4.51  4.51  4.51  4.49  4.49  4.48  4.48  4.45  4.45  4.44  4.44  4.46  4.44  4.44  4.43  4.42  4.43  4.43  4.42  4.40  4.42  4.43  4.42  4.41  4.42  4.39  4.40  4.41  4.40  4.38  4.38  4.39  4.34  4.38  4.36  4.36  4.35  4.37  4.36  4.36  4.36  4.34  4.32    38
Herstmonceux           50.87    0.33      23   1000   2.82  2.83  2.82  2.85  2.84  2.84  2.84  2.85  2.84  2.86  2.88  2.87  2.87  2.88  2.87  2.89  2.88  2.89  2.90  2.90  2.91  2.92  2.92  2.93  2.94  2.95  2.93  2.94  2.95  2.94  2.96  2.97  2.95  2.96  2.97  2.97  2.97  2.97  2.96  2.97  2.97  2.96  2.97  2.97  2.97  2.98  2.98  2.98  3.00  2.99  2.96  2.97  2.98  2.98  2.98  3.00  3.00  2.98  3.02  3.01  3.01  3.03  3.03  3.04  3.05  3.04  3.05  3.05  3.07  3.07  3.08    39
Huancayo              -12.03  -75.33    3400    704  13.53 13.51 13.49 13.48 13.46 13.44 13.42 13.40 13.37 13.35 13.33 13.31 13.29 13.27 13.26 13.24 13.21 13.19 13.17 13.15 13.12 13.10 13.08 13.06 13.04 13.02 13.00 12.98 12.96 12.94 12.93 12.90 12.88 12.86 12.84 12.82 12.81 12.79 12.77 12.75 12.73 12.71 12.69 12.68 12.66 12.64 12.62 12.60 12.58 12.56 12.54 12.52 12.50 12.48 12.46 12.44 12.42 12.40 12.38 12.36 12.34 12.32 12.30 12.27 12.25 12.23 12.21 12.19 12.17 12.15 12.13    40
Inuvik                 68.35 -133.72      21   1011   0.17  0.17  0.17  0.17  0.17  0.17  0.17  0.16  0.17  0.17  0.17  0.17  0.17  0.17  0.17  0.17  0.17  0.17  0.16  0.16  0.17  0.16  0.17  0.16  0.17  0.16  0.16  0.16  0.16  0.16  0.16  0.16  0.16  0.16  0.16  0.16  0.16  0.16  0.16  0.16  0.16  0.16  0.16  0.16  0.16  0.16  0.16  0.15  0.16  0.15  0.16  0.15  0.16  0.16  0.15  0.16  0.16  0.15  0.15  0.15  0.16  0.15  0.15  0.16  0.15  0.15  0.15  0.15  0.15  0.15  0.15    41
Irkutsk                52.47  104.03     433    965   3.56  3.58  3.57  3.56  3.59  3.58  3.57  3.58  3.58  3.58  3.57  3.58  3.57  3.58  3.58  3.57  3.58  3.60  3.57  3.60  3.59  3.59  3.58  3.58  3.58  3.57  3.56  3.57  3.56  3.56  3.55  3.55  3.53  3.50  3.50  3.49  3.48  3.47  3.46  3.47  3.45  3.44  3.41  3.42  3.41  3.40  3.38  3.37  3.35  3.35  3.33  3.33  3.33  3.32  3.30  3.29  3.28  3.27  3.25  3.24  3.21  3.20  3.17  3.16  3.13  3.12  3.10  3.08  3.06  3.05  3.05    42
Jungfraujoch           46.55    7.98    3550    643   4.38  4.39  4.38  4.40  4.39  4.40  4.40  4.40  4.41  4.41  4.41  4.43  4.42  4.43  4.43  4.44  4.44  4.45  4.44  4.48  4.47  4.48  4.50  4.49  4.47  4.48  4.48  4.47  4.47  4.50  4.50  4.49  4.50  4.48  4.48  4.50  4.48  4.47  4.48  4.49  4.45  4.47  4.47  4.46  4.48  4.46  4.46  4.47  4.47  4.47  4.47  4.45  4.47  4.46  4.48  4.46  4.46  4.45  4.48  4.46  4.49  4.46  4.49  4.48  4.51  4.48  4.47  4.49  4.48  4.49  4.51    43
Kerguelen             -49.35   70.25       0   1000   1.19  1.17  1.17  1.16  1.17  1.16  1.16  1.16  1.15  1.15  1.14  1.15  1.13  1.13  1.12  1.13  1.13  1.12  1.12  1.12  1.11  1.11  1.11  1.10  1.11  1.10  1.11  1.10  1.11  1.10  1.10  1.12  1.11  1.11  1.11  1.12  1.10  1.10  1.11  1.10  1.10  1.10  1.10  1.09  1.09  1.09  1.09  1.09  1.08  1.09  1.09  1.07  1.08  1.08  1.07  1.08  1.07  1.07  1.07  1.07  1.06  1.07  1.07  1.07  1.07  1.06  1.05  1.06  1.06  1.07  1.07    44
Kingston              -42.99  147.29      65   1013   1.88  1.88  1.89  1.87  1.87  1.88  1.85  1.87  1.85  1.85  1.86  1.86  1.85  1.85  1.83  1.83  1.83  1.82  1.83  1.81  1.81  1.80  1.81  1.81  1.78  1.80  1.78  1.78  1.77  1.78  1.76  1.78  1.76  1.76  1.75  1.76  1.76  1.76  1.76  1.77  1.76  1.75  1.76  1.76  1.76  1.77  1.78  1.77  1.77  1.77  1.79  1.78  1.79  1.80  1.79  1.80  1.80  1.81  1.81  1.82  1.81  1.82  1.84  1.84  1.84  1.83  1.83  1.85  1.85  1.86  1.85    45
Khabarovsk             48.50  135.20       0   1003   5.33  5.32  5.33  5.34  5.33  5.33  5.34  5.35  5.34  5.34  5.34  5.35  5.35  5.33  5.35  5.37  5.36  5.35  5.36  5.36  5.35  5.34  5.33  5.33  5.34  5.33  5.33  5.33  5.32  5.32  5.32  5.31  5.29  5.29  5.27  5.28  5.27  5.27  5.24  5.25  5.23  5.22  5.20  5.21  5.18  5.18  5.16  5.14  5.12  5.12  5.11  5.09  5.10  5.06  5.06  5.05  5.04  5.04  5.02  5.02  5.01  4.98  4.96  4.97  4.94  4.93  4.91  4.89  4.88  4.86  4.82    46
Kiel                   54.33   10.13      54   1007   2.24  2.25  2.25  2.24  2.26  2.25  2.26  2.26  2.25  2.26  2.26  2.26  2.27  2.26  2.29  2.27  2.28  2.28  2.27  2.29  2.31  2.29  2.29  2.29  2.30  2.32  2.29  2.29  2.30  2.29  2.30  2.30  2.29  2.29  2.31  2.30  2.29  2.30  2.29  2.28  2.28  2.26  2.27  2.28  2.27  2.28  2.28  2.27  2.26  2.28  2.25  2.27  2.26  2.27  2.25  2.27  2.27  2.27  2.26  2.27  2.26  2.25  2.26  2.26  2.25  2.27  2.26  2.27  2.26  2.26  2.27    47
Kiev                   50.72   30.30     120   1000   3.54  3.51  3.53  3.50  3.51  3.52  3.52  3.51  3.53  3.51  3.50  3.49  3.50  3.51  3.50  3.50  3.50  3.51  3.50  3.52  3.49  3.49  3.51  3.49  3.48  3.49  3.47  3.47  3.48  3.47  3.46  3.44  3.44  3.41  3.40  3.39  3.41  3.39  3.39  3.38  3.36  3.37  3.36  3.35  3.36  3.34  3.32  3.33  3.31  3.31  3.31  3.27  3.28  3.28  3.29  3.27  3.27  3.27  3.25  3.25  3.24  3.24  3.24  3.23  3.23  3.23  3.21  3.20  3.22  3.19  3.19    48
Kodaikanal             10.23   77.48    2343    786  17.46 17.47 17.48 17.49 17.50 17.51 17.51 17.51 17.51 17.51 17.51 17.51 17.51 17.50 17.50 17.50 17.49 17.48 17.48 17.47 17.46 17.45 17.44 17.43 17.42 17.41 17.41 17.41 17.40 17.40 17.40 17.39 17.39 17.38 17.37 17.37 17.37 17.37 17.36 17.36 17.36 17.37 17.37 17.37 17.37 17.38 17.38 17.39 17.39 17.40 17.40 17.41 17.41 17.42 17.42 17.43 17.43 17.43 17.43 17.43 17.44 17.44 17.44 17.45 17.45 17.45 17.46 17.46 17.47 17.47 17.47    49
Kiruna                 67.83   20.43     400    979   0.50  0.49  0.50  0.49  0.50  0.50  0.50  0.50  0.50  0.50  0.50  0.50  0.50  0.50  0.50  0.50  0.50  0.50  0.50  0.50  0.50  0.50  0.50  0.49  0.50  0.50  0.50  0.50  0.50  0.50  0.50  0.49  0.49  0.49  0.49  0.49  0.48  0.49  0.48  0.49  0.48  0.48  0.48  0.48  0.47  0.48  0.48  0.47  0.47  0.47  0.47  0.47  0.46  0.46  0.46  0.46  0.46  0.46  0.46  0.46  0.45  0.45  0.46  0.45  0.45  0.45  0.44  0.45  0.44  0.44  0.44    50
Kula                   20.73 -156.33     915    933  13.27 13.27 13.26 13.24 13.23 13.22 13.21 13.20 13.19 13.18 13.16 13.15 13.13 13.12 13.11 13.09 13.08 13.07 13.06 13.04 13.03 13.02 13.01 12.99 12.98 12.97 12.95 12.94 12.92 12.91 12.89 12.88 12.87 12.86 12.85 12.83 12.82 12.81 12.80 12.79 12.78 12.78 12.77 12.77 12.76 12.75 12.75 12.74 12.73 12.73 12.72 12.71 12.69 12.68 12.67 12.65 12.65 12.63 12.62 12.60 12.59 12.57 12.55 12.53 12.52 12.50 12.47 12.46 12.44 12.41 12.39    51
Larc_King_george      -62.20  -58.96      40   1000   3.72  3.72  3.73  3.71  3.70  3.69  3.68  3.66  3.65  3.65  3.63  3.62  3.61  3.58  3.57  3.54  3.54  3.54  3.52  3.50  3.48  3.44  3.43  3.41  3.38  3.37  3.34  3.32  3.28  3.27  3.24  3.22  3.20  3.16  3.14  3.11  3.10  3.07  3.05  3.01  3.00  2.98  2.98  2.94  2.92  2.91  2.89  2.87  2.85  2.84  2.82  2.81  2.79  2.76  2.76  2.72  2.73  2.70  2.68  2.67  2.65  2.63  2.62  2.59  2.59  2.56  2.55  2.52  2.52  2.50  2.48    52
Leadville              40.00 -105.00    3094    700   2.80  2.80  2.79  2.81  2.80  2.79  2.80  2.78  2.78  2.79  2.79  2.79  2.79  2.76  2.77  2.78  2.77  2.76  2.76  2.76  2.76  2.75  2.76  2.76  2.76  2.75  2.74  2.76  2.74  2.74  2.73  2.73  2.72  2.71  2.71  2.71  2.71  2.70  2.70  2.70  2.70  2.68  2.69  2.70  2.67  2.67  2.69  2.67  2.68  2.68  2.68  2.68  2.68  2.67  2.69  2.69  2.68  2.69  2.68  2.67  2.67  2.68  2.68  2.69  2.68  2.69  2.69  2.71  2.68  2.71  2.70    53
Leeds                  53.83   -1.58      72   1008   2.08  2.08  2.08  2.08  2.07  2.09  2.09  2.11  2.08  2.09  2.11  2.11  2.09  2.11  2.11  2.12  2.15  2.14  2.14  2.14  2.14  2.15  2.16  2.17  2.16  2.16  2.19  2.17  2.17  2.20  2.22  2.20  2.17  2.19  2.19  2.18  2.19  2.19  2.19  2.20  2.20  2.20  2.19  2.20  2.21  2.20  2.20  2.20  2.21  2.22  2.21  2.21  2.22  2.21  2.22  2.23  2.23  2.23  2.24  2.23  2.26  2.24  2.26  2.26  2.26  2.28  2.27  2.27  2.29  2.29  2.30    54
LomnickyStit           49.20   20.22    2634    733   3.92  3.91  3.91  3.89  3.92  3.92  3.88  3.89  3.90  3.91  3.92  3.89  3.90  3.91  3.89  3.89  3.90  3.90  3.92  3.91  3.90  3.91  3.91  3.90  3.92  3.89  3.91  3.86  3.88  3.88  3.90  3.89  3.86  3.84  3.85  3.84  3.84  3.85  3.84  3.82  3.82  3.82  3.82  3.81  3.80  3.81  3.77  3.77  3.77  3.77  3.76  3.75  3.75  3.75  3.73  3.73  3.72  3.73  3.72  3.73  3.72  3.72  3.70  3.69  3.71  3.71  3.71  3.70  3.69  3.70  3.69    55
Lindau                 51.60   10.10     140   1000   2.90  2.90  2.89  2.90  2.92  2.91  2.91  2.90  2.92  2.92  2.94  2.92  2.93  2.93  2.93  2.93  2.95  2.94  2.95  2.93  2.95  2.95  2.96  2.95  2.95  2.95  2.96  2.97  2.95  2.95  2.96  2.95  2.96  2.94  2.95  2.94  2.95  2.96  2.95  2.94  2.94  2.93  2.93  2.93  2.95  2.93  2.92  2.92  2.92  2.90  2.92  2.91  2.92  2.93  2.94  2.91  2.93  2.92  2.93  2.92  2.93  2.93  2.91  2.93  2.93  2.92  2.91  2.93  2.93  2.93  2.92    56
London                 51.53   -0.10      45   1000   2.68  2.68  2.68  2.68  2.69  2.69  2.70  2.71  2.70  2.71  2.72  2.69  2.73  2.72  2.73  2.73  2.76  2.74  2.74  2.75  2.75  2.76  2.77  2.75  2.76  2.78  2.78  2.78  2.80  2.80  2.82  2.81  2.79  2.80  2.79  2.81  2.81  2.80  2.80  2.81  2.81  2.81  2.81  2.82  2.83  2.82  2.83  2.83  2.82  2.81  2.82  2.83  2.82  2.82  2.82  2.83  2.85  2.84  2.84  2.83  2.87  2.84  2.86  2.84  2.87  2.87  2.86  2.89  2.89  2.87  2.91    57
Makerere_Kampala        0.34   32.56       0   1013  15.09 15.10 15.10 15.10 15.10 15.10 15.10 15.10 15.10 15.10 15.09 15.09 15.09 15.08 15.07 15.07 15.06 15.05 15.04 15.03 15.02 15.01 14.99 14.98 14.97 14.95 14.95 14.94 14.93 14.92 14.91 14.90 14.89 14.88 14.87 14.87 14.86 14.86 14.85 14.85 14.85 14.84 14.84 14.84 14.84 14.84 14.84 14.84 14.84 14.84 14.85 14.85 14.86 14.86 14.87 14.88 14.88 14.89 14.89 14.90 14.90 14.91 14.92 14.92 14.93 14.93 14.94 14.95 14.95 14.96 14.97    58
Magadan                60.12  151.02       0    982   2.03  2.05  2.03  2.03  2.03  2.04  2.05  2.04  2.03  2.03  2.04  2.03  2.04  2.04  2.04  2.04  2.04  2.04  2.05  2.04  2.05  2.04  2.04  2.03  2.03  2.04  2.04  2.04  2.03  2.03  2.04  2.02  2.03  2.02  2.02  2.00  2.00  2.00  1.98  1.99  1.97  1.96  1.95  1.95  1.94  1.92  1.92  1.90  1.89  1.89  1.88  1.88  1.88  1.87  1.85  1.86  1.85  1.84  1.84  1.82  1.81  1.80  1.79  1.79  1.79  1.77  1.77  1.75  1.75  1.74  1.73    59
Mawson                -67.60   62.88      30    990   0.19  0.19  0.19  0.19  0.19  0.19  0.19  0.19  0.19  0.19  0.19  0.19  0.19  0.19  0.19  0.19  0.19  0.19  0.19  0.19  0.19  0.19  0.19  0.19  0.19  0.19  0.19  0.19  0.19  0.19  0.19  0.19  0.19  0.19  0.19  0.19  0.19  0.19  0.19  0.19  0.19  0.19  0.19  0.19  0.19  0.19  0.18  0.18  0.19  0.19  0.18  0.18  0.18  0.18  0.18  0.18  0.18  0.18  0.18  0.18  0.18  0.18  0.18  0.18  0.17  0.17  0.17  0.17  0.17  0.17  0.17    60
MinaAguila            -23.10  -65.70    4000    646  12.56 12.54 12.52 12.49 12.48 12.45 12.43 12.40 12.37 12.34 12.31 12.29 12.26 12.24 12.22 12.19 12.17 12.14 12.11 12.09 12.06 12.03 12.00 11.98 11.95 11.92 11.90 11.87 11.85 11.83 11.80 11.77 11.75 11.72 11.69 11.66 11.63 11.61 11.58 11.55 11.53 11.50 11.48 11.45 11.42 11.40 11.37 11.34 11.32 11.29 11.26 11.23 11.19 11.16 11.13 11.10 11.07 11.04 11.00 10.97 10.93 10.89 10.85 10.81 10.78 10.74 10.70 10.67 10.63 10.60 10.56    61
MakapuuPoint           21.30 -157.65     100   1000  13.20 13.19 13.18 13.17 13.16 13.15 13.14 13.13 13.11 13.10 13.09 13.08 13.06 13.05 13.04 13.02 13.01 13.00 12.99 12.98 12.97 12.95 12.94 12.93 12.92 12.90 12.89 12.87 12.86 12.84 12.83 12.82 12.81 12.79 12.78 12.77 12.76 12.75 12.74 12.73 12.72 12.72 12.71 12.70 12.70 12.69 12.69 12.68 12.68 12.67 12.66 12.65 12.64 12.63 12.62 12.61 12.59 12.58 12.57 12.55 12.54 12.52 12.50 12.49 12.47 12.45 12.43 12.41 12.39 12.37 12.35    62
Munchen                48.20   11.60     500    972   4.02  4.03  4.02  4.05  4.04  4.06  4.03  4.04  4.04  4.05  4.06  4.05  4.06  4.06  4.05  4.07  4.05  4.06  4.05  4.05  4.09  4.07  4.06  4.06  4.06  4.08  4.08  4.09  4.08  4.05  4.04  4.07  4.07  4.06  4.06  4.07  4.07  4.04  4.03  4.04  4.05  4.05  4.03  4.06  4.04  4.04  4.03  4.03  4.02  4.03  4.00  3.99  4.01  4.02  4.01  4.01  4.01  4.02  4.01  4.01  4.02  4.01  4.03  4.02  4.02  4.02  4.02  4.03  4.02  4.01  4.06    63
Moscow                 55.47   37.32     200   1000   2.38  2.38  2.37  2.38  2.38  2.37  2.37  2.37  2.36  2.35  2.36  2.37  2.38  2.36  2.36  2.37  2.34  2.36  2.34  2.37  2.37  2.36  2.34  2.35  2.35  2.36  2.34  2.35  2.33  2.33  2.32  2.31  2.31  2.30  2.27  2.28  2.27  2.25  2.25  2.26  2.24  2.25  2.25  2.24  2.24  2.22  2.22  2.22  2.22  2.20  2.20  2.19  2.18  2.19  2.19  2.17  2.16  2.16  2.15  2.14  2.14  2.13  2.11  2.12  2.12  2.11  2.11  2.09  2.10  2.08  2.09    64
Morioka                39.70  141.13     135   1000   9.92  9.92  9.93  9.93  9.95  9.96  9.96  9.96  9.97  9.98  9.98  9.98 10.00 10.01 10.01 10.02 10.03 10.03 10.03 10.04 10.04 10.04 10.04 10.04 10.03 10.04 10.04 10.04 10.06 10.06 10.06 10.06 10.04 10.04 10.02 10.01  9.99  9.97  9.95  9.92  9.90  9.88  9.85  9.82  9.80  9.77  9.74  9.72  9.69  9.66  9.65  9.63  9.61  9.60  9.59  9.57  9.55  9.53  9.52  9.50  9.48  9.47  9.45  9.43  9.41  9.39  9.38  9.36  9.34  9.34  9.32    65
MtNorikura             36.11  137.55    2770    720  11.16 11.19 11.19 11.21 11.22 11.23 11.23 11.24 11.24 11.25 11.26 11.26 11.27 11.27 11.28 11.29 11.29 11.30 11.30 11.30 11.31 11.30 11.31 11.31 11.31 11.31 11.33 11.33 11.34 11.35 11.35 11.34 11.34 11.33 11.33 11.31 11.29 11.28 11.27 11.25 11.22 11.20 11.17 11.15 11.12 11.10 11.08 11.05 11.02 11.00 10.98 10.97 10.95 10.94 10.92 10.90 10.89 10.88 10.86 10.84 10.83 10.82 10.80 10.79 10.77 10.76 10.75 10.74 10.74 10.73 10.72    66
MtWellington          -42.92  147.23     725    946   1.90  1.89  1.90  1.91  1.88  1.87  1.88  1.88  1.87  1.86  1.88  1.85  1.85  1.86  1.85  1.85  1.83  1.84  1.84  1.82  1.82  1.84  1.81  1.80  1.81  1.80  1.80  1.79  1.79  1.78  1.77  1.77  1.77  1.77  1.77  1.78  1.76  1.77  1.77  1.77  1.78  1.76  1.78  1.78  1.77  1.80  1.78  1.79  1.79  1.80  1.79  1.80  1.80  1.81  1.82  1.82  1.81  1.83  1.83  1.82  1.84  1.84  1.85  1.85  1.84  1.85  1.86  1.87  1.87  1.86  1.88    67
MtWashington           44.30  -71.30    1900    822   1.19  1.18  1.20  1.20  1.19  1.20  1.21  1.22  1.23  1.24  1.24  1.26  1.25  1.26  1.26  1.26  1.27  1.27  1.29  1.29  1.30  1.30  1.31  1.33  1.33  1.35  1.35  1.37  1.37  1.38  1.39  1.40  1.41  1.42  1.44  1.46  1.47  1.48  1.48  1.50  1.49  1.50  1.50  1.52  1.52  1.53  1.54  1.55  1.56  1.59  1.59  1.62  1.61  1.63  1.64  1.66  1.67  1.69  1.71  1.73  1.75  1.77  1.79  1.81  1.83  1.84  1.85  1.86  1.87  1.89  1.89    68
Murmansk               67.55   33.33       0   1000   0.51  0.51  0.50  0.50  0.50  0.51  0.50  0.50  0.50  0.50  0.50  0.50  0.50  0.50  0.50  0.50  0.50  0.50  0.50  0.50  0.50  0.50  0.50  0.50  0.50  0.50  0.50  0.50  0.50  0.50  0.50  0.49  0.49  0.49  0.49  0.48  0.48  0.48  0.47  0.48  0.47  0.47  0.46  0.47  0.47  0.46  0.47  0.46  0.46  0.46  0.46  0.45  0.45  0.45  0.44  0.44  0.44  0.44  0.44  0.43  0.43  0.43  0.44  0.43  0.42  0.42  0.42  0.42  0.42  0.41  0.41    69
Mawson                -67.60   62.88       0   1010   0.19  0.19  0.19  0.19  0.19  0.19  0.19  0.19  0.19  0.19  0.19  0.19  0.19  0.19  0.19  0.19  0.19  0.19  0.19  0.19  0.19  0.19  0.19  0.19  0.19  0.19  0.19  0.19  0.19  0.19  0.19  0.19  0.19  0.19  0.19  0.19  0.19  0.19  0.19  0.19  0.19  0.19  0.19  0.19  0.19  0.19  0.18  0.18  0.19  0.19  0.18  0.18  0.18  0.18  0.18  0.18  0.18  0.18  0.18  0.18  0.18  0.18  0.18  0.18  0.17  0.17  0.17  0.17  0.17  0.17  0.17    70
MexicoCity             19.33  -99.18    2274    794   9.64  9.59  9.54  9.48  9.41  9.36  9.33  9.30  9.28  9.25  9.22  9.18  9.14  9.10  9.07  9.03  9.00  8.96  8.93  8.90  8.88  8.84  8.82  8.78  8.76  8.72  8.68  8.63  8.59  8.54  8.52  8.48  8.45  8.40  8.36  8.33  8.30  8.27  8.23  8.17  8.12  8.09  8.06  8.01  7.97  7.92  7.91  7.85  7.82  7.76  7.71  7.70  7.70  7.69  7.64  7.61  7.60  7.59  7.57  7.56  7.55  7.55  7.54  7.54  7.52  7.51  7.49  7.48  7.46  7.45  7.43    71
Nain                   56.55  -61.68       0   1000   0.29  0.29  0.29  0.30  0.30  0.30  0.30  0.31  0.31  0.31  0.32  0.31  0.31  0.32  0.32  0.32  0.32  0.33  0.33  0.34  0.34  0.34  0.35  0.35  0.35  0.36  0.36  0.36  0.37  0.38  0.38  0.38  0.38  0.39  0.39  0.39  0.39  0.40  0.41  0.41  0.41  0.41  0.43  0.43  0.43  0.43  0.44  0.44  0.44  0.45  0.47  0.46  0.47  0.47  0.48  0.49  0.50  0.50  0.51  0.51  0.52  0.53  0.54  0.54  0.54  0.55  0.56  0.57  0.58  0.58  0.60    72
Nera_Nederhorst        52.23    5.08       0   1013   2.67  2.65  2.65  2.65  2.66  2.66  2.67  2.68  2.68  2.69  2.70  2.70  2.69  2.70  2.69  2.71  2.72  2.71  2.71  2.72  2.71  2.70  2.72  2.71  2.71  2.73  2.73  2.73  2.73  2.72  2.76  2.74  2.74  2.73  2.75  2.73  2.73  2.73  2.74  2.73  2.73  2.72  2.71  2.74  2.74  2.75  2.73  2.73  2.74  2.72  2.75  2.73  2.73  2.73  2.74  2.73  2.74  2.74  2.74  2.75  2.74  2.76  2.75  2.76  2.73  2.75  2.75  2.76  2.77  2.74  2.77    73
Nalchik                43.30   43.25     550    960   6.08  6.08  6.07  6.08  6.07  6.08  6.05  6.06  6.07  6.05  6.05  6.05  6.06  6.03  6.06  6.05  6.03  6.05  6.05  6.05  6.05  6.03  6.03  6.02  6.01  6.01  6.00  6.00  5.97  5.96  5.97  5.94  5.92  5.91  5.89  5.89  5.88  5.88  5.87  5.86  5.84  5.84  5.83  5.82  5.82  5.81  5.79  5.79  5.77  5.77  5.75  5.76  5.75  5.71  5.70  5.69  5.69  5.69  5.66  5.66  5.63  5.61  5.61  5.64  5.61  5.61  5.57  5.57  5.57  5.56  5.54    74
Norilsk                69.26   88.05       0   1005   0.58  0.58  0.58  0.57  0.58  0.58  0.57  0.57  0.58  0.58  0.57  0.58  0.57  0.58  0.58  0.57  0.57  0.57  0.58  0.58  0.57  0.57  0.57  0.57  0.57  0.57  0.57  0.56  0.56  0.56  0.56  0.56  0.55  0.55  0.54  0.54  0.54  0.54  0.53  0.53  0.52  0.52  0.52  0.52  0.52  0.51  0.51  0.51  0.51  0.50  0.50  0.48  0.49  0.48  0.48  0.48  0.47  0.47  0.47  0.46  0.46  0.46  0.45  0.45  0.44  0.44  0.44  0.43  0.43  0.42  0.41    75
Novosibirsk            54.80   83.00     163   1000   2.81  2.80  2.80  2.81  2.80  2.81  2.80  2.80  2.80  2.81  2.80  2.81  2.80  2.80  2.80  2.79  2.79  2.81  2.82  2.79  2.80  2.79  2.79  2.80  2.80  2.78  2.78  2.77  2.78  2.78  2.75  2.74  2.74  2.73  2.72  2.71  2.69  2.69  2.68  2.69  2.67  2.67  2.65  2.66  2.62  2.62  2.62  2.59  2.58  2.58  2.59  2.56  2.57  2.55  2.54  2.54  2.50  2.51  2.48  2.47  2.47  2.44  2.43  2.39  2.39  2.37  2.37  2.34  2.32  2.31  2.31    76
Newark                 39.68  -75.75      50   1013   1.86  1.86  1.86  1.87  1.86  1.88  1.88  1.89  1.89  1.89  1.88  1.89  1.91  1.92  1.91  1.91  1.92  1.93  1.93  1.94  1.95  1.98  1.97  1.99  2.00  2.01  2.02  2.03  2.04  2.05  2.06  2.06  2.08  2.09  2.09  2.10  2.12  2.11  2.14  2.14  2.13  2.15  2.15  2.19  2.18  2.19  2.21  2.23  2.25  2.26  2.28  2.29  2.32  2.33  2.35  2.38  2.38  2.41  2.42  2.44  2.44  2.45  2.49  2.48  2.50  2.52  2.54  2.56  2.59  2.60  2.60    77
Ottawa                 45.44  -70.68     101   1008   1.06  1.06  1.06  1.08  1.07  1.08  1.09  1.08  1.10  1.10  1.10  1.10  1.11  1.12  1.12  1.12  1.12  1.13  1.14  1.14  1.16  1.17  1.19  1.20  1.20  1.22  1.22  1.22  1.25  1.25  1.26  1.28  1.27  1.27  1.28  1.29  1.29  1.30  1.32  1.34  1.33  1.35  1.36  1.36  1.37  1.39  1.41  1.42  1.42  1.44  1.47  1.48  1.50  1.50  1.50  1.50  1.52  1.53  1.55  1.56  1.57  1.59  1.62  1.62  1.64  1.66  1.67  1.69  1.70  1.72  1.74    78
Oulu                   65.02   25.50       0   1000   0.77  0.77  0.76  0.77  0.77  0.77  0.78  0.78  0.77  0.77  0.77  0.77  0.77  0.77  0.77  0.77  0.77  0.78  0.77  0.77  0.78  0.77  0.77  0.78  0.77  0.78  0.77  0.77  0.76  0.77  0.76  0.77  0.76  0.76  0.76  0.74  0.75  0.74  0.73  0.74  0.74  0.74  0.74  0.73  0.73  0.73  0.73  0.74  0.72  0.72  0.72  0.71  0.72  0.72  0.71  0.70  0.70  0.70  0.71  0.70  0.69  0.70  0.70  0.70  0.69  0.69  0.69  0.69  0.68  0.68  0.68    79
PicDuMidi              42.93    0.25    2860    734   5.35  5.29  5.31  5.33  5.32  5.35  5.34  5.35  5.37  5.38  5.36  5.38  5.38  5.39  5.41  5.41  5.40  5.42  5.43  5.41  5.45  5.44  5.47  5.46  5.46  5.48  5.48  5.51  5.51  5.52  5.53  5.52  5.51  5.53  5.53  5.54  5.53  5.55  5.52  5.55  5.53  5.53  5.54  5.55  5.54  5.55  5.56  5.57  5.56  5.57  5.55  5.57  5.57  5.57  5.58  5.58  5.61  5.59  5.60  5.62  5.62  5.62  5.66  5.66  5.66  5.69  5.68  5.69  5.70  5.72  5.72    80
Potchefstroom         -26.68   27.10    1351    869   7.18  7.18  7.19  7.18  7.17  7.17  7.17  7.16  7.14  7.15  7.13  7.12  7.10  7.09  7.09  7.07  7.05  7.05  7.04  7.00  6.99  6.99  6.98  6.95  6.93  6.93  6.93  6.91  6.92  6.90  6.89  6.90  6.89  6.88  6.88  6.88  6.89  6.86  6.88  6.89  6.87  6.89  6.89  6.89  6.89  6.91  6.92  6.92  6.93  6.93  6.93  6.94  6.95  6.93  6.94  6.97  6.96  6.95  6.95  6.94  6.95  6.95  6.96  6.94  6.96  6.96  6.95  6.96  6.96  6.94  6.96    81
Putre                 -18.18  -69.55    3589    665  13.08 13.06 13.04 13.02 13.01 12.98 12.96 12.93 12.91 12.88 12.86 12.84 12.82 12.80 12.78 12.76 12.73 12.71 12.68 12.66 12.64 12.61 12.59 12.56 12.54 12.52 12.50 12.48 12.45 12.44 12.41 12.39 12.36 12.34 12.31 12.29 12.27 12.24 12.22 12.20 12.17 12.15 12.13 12.10 12.08 12.06 12.04 12.01 11.99 11.97 11.94 11.92 11.90 11.88 11.85 11.83 11.81 11.78 11.76 11.73 11.70 11.67 11.64 11.61 11.59 11.56 11.53 11.50 11.48 11.46 11.43    82
Peawanuck              54.98  -85.44       0   1000   0.31  0.31  0.31  0.31  0.31  0.31  0.31  0.31  0.31  0.31  0.32  0.32  0.32  0.32  0.32  0.32  0.32  0.32  0.32  0.32  0.33  0.33  0.33  0.33  0.34  0.34  0.34  0.34  0.34  0.35  0.35  0.35  0.35  0.35  0.36  0.36  0.37  0.36  0.37  0.37  0.37  0.37  0.38  0.38  0.38  0.38  0.39  0.39  0.39  0.40  0.40  0.41  0.41  0.41  0.42  0.42  0.43  0.43  0.44  0.44  0.45  0.45  0.46  0.46  0.47  0.48  0.48  0.48  0.49  0.49  0.49    83
Predigtstuhlt          47.70   12.90    1614    900   4.20  4.19  4.19  4.20  4.20  4.20  4.20  4.20  4.21  4.19  4.21  4.19  4.19  4.23  4.22  4.20  4.21  4.21  4.22  4.22  4.22  4.22  4.22  4.23  4.22  4.23  4.24  4.22  4.20  4.23  4.21  4.19  4.22  4.20  4.20  4.22  4.20  4.21  4.18  4.20  4.18  4.19  4.17  4.18  4.17  4.17  4.18  4.15  4.16  4.17  4.17  4.16  4.17  4.17  4.16  4.15  4.17  4.15  4.17  4.16  4.15  4.16  4.18  4.15  4.16  4.16  4.15  4.16  4.18  4.17  4.16    84
Rewa                   24.32   81.17     100   1013  15.79 15.80 15.80 15.81 15.82 15.82 15.82 15.82 15.83 15.83 15.83 15.83 15.83 15.83 15.84 15.83 15.82 15.82 15.81 15.81 15.80 15.78 15.77 15.76 15.75 15.74 15.73 15.72 15.71 15.70 15.69 15.68 15.66 15.65 15.63 15.61 15.60 15.59 15.58 15.57 15.57 15.56 15.56 15.55 15.55 15.54 15.54 15.53 15.52 15.52 15.51 15.50 15.50 15.49 15.48 15.47 15.46 15.45 15.43 15.42 15.41 15.40 15.38 15.37 15.35 15.34 15.33 15.31 15.30 15.29 15.27    85
RioDeJaneiro          -22.95  -43.17       0   1013  11.80 11.77 11.74 11.72 11.68 11.65 11.62 11.59 11.55 11.51 11.48 11.45 11.42 11.38 11.35 11.31 11.27 11.24 11.20 11.16 11.12 11.08 11.05 11.01 10.98 10.94 10.90 10.87 10.82 10.78 10.75 10.70 10.66 10.61 10.57 10.54 10.50 10.46 10.43 10.39 10.35 10.31 10.27 10.23 10.19 10.15 10.11 10.07 10.03  9.99  9.95  9.91  9.87  9.83  9.79  9.75  9.71  9.67  9.64  9.60  9.56  9.53  9.48  9.43  9.40  9.36  9.31  9.27  9.22  9.19  9.14    86
Rome                   41.86   12.47      60   1009   6.16  6.14  6.16  6.17  6.16  6.17  6.18  6.17  6.18  6.19  6.18  6.20  6.19  6.18  6.20  6.19  6.20  6.19  6.21  6.21  6.22  6.23  6.23  6.24  6.24  6.25  6.24  6.24  6.22  6.26  6.24  6.25  6.23  6.23  6.23  6.24  6.20  6.24  6.22  6.19  6.20  6.21  6.19  6.19  6.19  6.18  6.16  6.17  6.16  6.16  6.17  6.14  6.15  6.15  6.15  6.14  6.16  6.15  6.17  6.16  6.16  6.17  6.15  6.15  6.17  6.18  6.16  6.18  6.18  6.19  6.19    87
SacramentoPeak         32.72 -105.75    3000    800   5.04  5.03  5.00  5.02  4.99  4.97  4.99  4.98  4.97  4.97  4.95  4.95  4.93  4.92  4.92  4.88  4.89  4.87  4.85  4.85  4.84  4.83  4.83  4.82  4.83  4.82  4.81  4.80  4.79  4.77  4.75  4.75  4.73  4.72  4.70  4.72  4.70  4.68  4.69  4.68  4.66  4.68  4.65  4.63  4.63  4.62  4.62  4.60  4.57  4.59  4.58  4.58  4.57  4.57  4.57  4.57  4.57  4.55  4.53  4.54  4.53  4.50  4.47  4.47  4.47  4.44  4.44  4.43  4.41  4.40  4.39    88
Seoul                  37.53  126.93      45   1005  10.58 10.57 10.59 10.60 10.60 10.60 10.61 10.62 10.63 10.63 10.65 10.65 10.65 10.66 10.66 10.66 10.66 10.67 10.66 10.67 10.67 10.67 10.67 10.67 10.67 10.68 10.68 10.69 10.69 10.70 10.69 10.69 10.69 10.69 10.68 10.67 10.66 10.66 10.64 10.64 10.62 10.61 10.60 10.58 10.57 10.57 10.57 10.57 10.58 10.58 10.59 10.60 10.63 10.67 10.61 10.69 10.67 10.64 10.54 10.63 10.59 10.56 10.61 10.59 10.56 10.54 10.53 10.51 10.48 10.47 10.44    89
MtSulphur              51.20 -115.60    2283    781   1.10  1.10  1.10  1.10  1.09  1.08  1.09  1.09  1.08  1.10  1.09  1.10  1.09  1.10  1.09  1.09  1.08  1.09  1.09  1.09  1.09  1.09  1.09  1.08  1.08  1.09  1.08  1.08  1.08  1.08  1.08  1.08  1.07  1.09  1.08  1.07  1.08  1.08  1.08  1.09  1.08  1.09  1.09  1.10  1.10  1.09  1.09  1.10  1.10  1.11  1.12  1.11  1.11  1.12  1.11  1.12  1.12  1.12  1.13  1.13  1.12  1.13  1.14  1.14  1.13  1.13  1.13  1.14  1.13  1.14  1.15    90
Samarcand              39.38   66.56     750    940   8.69  8.71  8.72  8.71  8.72  8.72  8.71  8.71  8.71  8.72  8.71  8.72  8.71  8.72  8.72  8.72  8.72  8.71  8.72  8.71  8.70  8.70  8.69  8.67  8.67  8.66  8.64  8.62  8.59  8.57  8.55  8.52  8.48  8.46  8.42  8.40  8.38  8.37  8.35  8.33  8.31  8.31  8.30  8.29  8.30  8.27  8.26  8.24  8.21  8.20  8.17  8.15  8.12  8.11  8.07  8.05  8.02  7.99  7.95  7.92  7.89  7.85  7.83  7.80  7.74  7.73  7.70  7.67  7.63  7.60  7.58    91
Sanae                 -70.67   -2.85      52    987   0.94  0.95  0.94  0.93  0.93  0.93  0.93  0.92  0.92  0.92  0.92  0.91  0.90  0.91  0.91  0.91  0.90  0.90  0.90  0.89  0.88  0.88  0.88  0.87  0.87  0.85  0.87  0.85  0.84  0.85  0.84  0.83  0.83  0.82  0.81  0.81  0.81  0.81  0.81  0.81  0.80  0.82  0.81  0.81  0.81  0.80  0.81  0.80  0.79  0.79  0.78  0.77  0.77  0.77  0.76  0.76  0.76  0.75  0.75  0.74  0.74  0.73  0.73  0.73  0.73  0.71  0.69  0.70  0.70  0.69  0.69    92
Santiago              -33.48  -70.71     540    960  11.49 11.47 11.44 11.41 11.38 11.35 11.31 11.28 11.25 11.22 11.19 11.16 11.13 11.10 11.07 11.04 11.01 10.97 10.94 10.90 10.87 10.83 10.79 10.76 10.73 10.69 10.65 10.62 10.60 10.56 10.52 10.49 10.45 10.42 10.39 10.35 10.32 10.29 10.25 10.22 10.18 10.15 10.11 10.08 10.05 10.01  9.98  9.95  9.90  9.88  9.85  9.81  9.77  9.75  9.71  9.68  9.65  9.62  9.57  9.55  9.50  9.47  9.41  9.38  9.34  9.30  9.27  9.24  9.20  9.16  9.12    93
SouthPole             -90.00    0.00    2820    680   0.09  0.09  0.09  0.09  0.09  0.09  0.09  0.09  0.09  0.09  0.09  0.09  0.09  0.09  0.09  0.09  0.09  0.09  0.09  0.09  0.09  0.09  0.09  0.09  0.09  0.09  0.09  0.09  0.09  0.09  0.09  0.09  0.09  0.09  0.09  0.09  0.09  0.09  0.09  0.09  0.08  0.09  0.08  0.08  0.08  0.08  0.08  0.08  0.08  0.08  0.08  0.08  0.08  0.08  0.08  0.08  0.08  0.08  0.08  0.08  0.08  0.08  0.08  0.08  0.08  0.08  0.08  0.07  0.07  0.07  0.07    94
Sverdlovsk             56.73   61.07     300    997   2.25  2.26  2.24  2.23  2.24  2.23  2.24  2.22  2.24  2.23  2.22  2.23  2.21  2.24  2.23  2.21  2.23  2.23  2.24  2.23  2.23  2.23  2.23  2.22  2.22  2.21  2.21  2.20  2.19  2.18  2.18  2.15  2.16  2.15  2.14  2.14  2.14  2.14  2.12  2.13  2.12  2.10  2.10  2.10  2.08  2.08  2.08  2.06  2.06  2.06  2.04  2.05  2.05  2.04  2.03  2.03  2.00  2.01  1.98  1.97  1.97  1.97  1.94  1.93  1.92  1.93  1.89  1.88  1.87  1.86  1.87    95
Swarthmore             39.90  -75.35      80   1013   1.80  1.82  1.82  1.83  1.84  1.82  1.84  1.85  1.85  1.87  1.87  1.87  1.87  1.89  1.91  1.88  1.89  1.91  1.91  1.91  1.92  1.92  1.93  1.94  1.96  1.97  1.99  2.00  2.00  2.01  2.01  2.04  2.05  2.07  2.06  2.08  2.07  2.10  2.09  2.12  2.10  2.11  2.13  2.14  2.16  2.17  2.19  2.19  2.23  2.23  2.25  2.26  2.29  2.29  2.32  2.34  2.37  2.39  2.40  2.41  2.43  2.43  2.45  2.44  2.48  2.49  2.52  2.53  2.53  2.56  2.60    96
Tashkent               41.33   69.62     565    963   7.50  7.50  7.50  7.50  7.51  7.51  7.50  7.51  7.49  7.49  7.49  7.49  7.50  7.49  7.49  7.51  7.49  7.50  7.50  7.48  7.49  7.48  7.48  7.46  7.46  7.45  7.42  7.41  7.39  7.38  7.35  7.32  7.30  7.28  7.24  7.23  7.21  7.20  7.18  7.17  7.15  7.15  7.13  7.13  7.13  7.12  7.09  7.09  7.07  7.05  7.02  7.01  6.99  6.98  6.95  6.93  6.91  6.90  6.87  6.83  6.81  6.78  6.77  6.74  6.71  6.68  6.67  6.64  6.61  6.59  6.56    97
Tbilisi                41.72   44.80     510    950   6.76  6.76  6.76  6.77  6.76  6.75  6.75  6.75  6.74  6.73  6.74  6.74  6.74  6.74  6.73  6.75  6.73  6.73  6.72  6.72  6.72  6.70  6.72  6.70  6.69  6.69  6.67  6.65  6.63  6.63  6.62  6.59  6.57  6.55  6.54  6.52  6.52  6.51  6.50  6.47  6.48  6.46  6.45  6.43  6.44  6.43  6.41  6.39  6.40  6.39  6.37  6.37  6.35  6.34  6.34  6.30  6.31  6.29  6.26  6.26  6.25  6.23  6.22  6.22  6.21  6.19  6.17  6.19  6.14  6.15  6.14    98
Tibet                  30.11   90.53    4300    606  14.21 14.22 14.23 14.24 14.25 14.25 14.25 14.25 14.25 14.25 14.25 14.25 14.25 14.25 14.26 14.25 14.25 14.24 14.23 14.23 14.22 14.20 14.19 14.18 14.17 14.16 14.15 14.14 14.13 14.12 14.11 14.09 14.07 14.06 14.04 14.02 14.01 14.00 13.98 13.97 13.96 13.95 13.94 13.93 13.91 13.90 13.88 13.86 13.85 13.83 13.81 13.80 13.78 13.76 13.74 13.72 13.69 13.66 13.62 13.59 13.56 13.52 13.47 13.43 13.39 13.34 13.29 13.24 13.20 13.15 13.10    99
Tokyo(Itabashi)        35.75  139.72      40   1014  11.32 11.34 11.35 11.36 11.37 11.38 11.39 11.39 11.39 11.40 11.40 11.41 11.42 11.43 11.43 11.43 11.44 11.44 11.44 11.45 11.45 11.45 11.45 11.45 11.45 11.45 11.46 11.47 11.48 11.50 11.50 11.49 11.49 11.48 11.48 11.46 11.44 11.41 11.40 11.38 11.37 11.34 11.32 11.30 11.27 11.25 11.22 11.20 11.18 11.16 11.14 11.12 11.11 11.10 11.09 11.07 11.06 11.05 11.03 11.01 11.00 10.99 10.98 10.96 10.95 10.94 10.94 10.93 10.92 10.91 10.91   100
Thailand_Doi_Inthanon  18.58   98.48    2565    690  17.02 17.03 17.04 17.05 17.05 17.06 17.06 17.06 17.06 17.06 17.06 17.06 17.06 17.06 17.06 17.06 17.05 17.04 17.04 17.03 17.02 17.01 17.00 16.99 16.98 16.98 16.97 16.97 16.97 16.97 16.97 16.96 16.95 16.95 16.94 16.93 16.93 16.92 16.91 16.91 16.90 16.90 16.89 16.89 16.88 16.88 16.87 16.87 16.87 16.86 16.85 16.85 16.85 16.84 16.84 16.83 16.82 16.81 16.81 16.80 16.79 16.78 16.77 16.76 16.75 16.74 16.73 16.72 16.72 16.71 16.70   101
Tsumeb                -19.20   17.58    1240    880   9.67  9.67  9.66  9.64  9.63  9.63  9.61  9.61  9.59  9.58  9.56  9.55  9.51  9.52  9.50  9.48  9.45  9.44  9.43  9.39  9.38  9.35  9.32  9.30  9.27  9.24  9.23  9.22  9.20  9.18  9.17  9.15  9.15  9.13  9.11  9.10  9.09  9.09  9.09  9.08  9.06  9.06  9.07  9.06  9.05  9.05  9.05  9.05  9.05  9.04  9.05  9.04  9.04  9.04  9.04  9.04  9.04  9.05  9.03  9.02  9.03  9.03  9.02  9.02  9.03  9.02  9.02  9.01  9.01  9.01  9.01   102
TixieBay               71.60  128.90       0   1000   0.47  0.47  0.47  0.47  0.47  0.47  0.47  0.47  0.47  0.47  0.47  0.47  0.47  0.46  0.47  0.47  0.46  0.47  0.46  0.46  0.47  0.47  0.46  0.47  0.47  0.47  0.46  0.46  0.46  0.47  0.46  0.46  0.45  0.45  0.45  0.44  0.44  0.44  0.43  0.43  0.43  0.43  0.43  0.42  0.42  0.41  0.41  0.41  0.41  0.41  0.41  0.40  0.40  0.39  0.39  0.39  0.39  0.38  0.38  0.38  0.38  0.37  0.37  0.36  0.36  0.36  0.35  0.35  0.35  0.34  0.34   103
Uppsala                59.85   17.55       0   1013   1.36  1.35  1.35  1.34  1.35  1.35  1.34  1.35  1.35  1.35  1.35  1.35  1.35  1.36  1.35  1.34  1.35  1.35  1.35  1.35  1.36  1.36  1.36  1.36  1.36  1.35  1.37  1.35  1.36  1.35  1.35  1.34  1.34  1.34  1.34  1.34  1.33  1.33  1.33  1.33  1.34  1.33  1.33  1.34  1.32  1.32  1.32  1.33  1.30  1.32  1.30  1.31  1.32  1.31  1.31  1.31  1.30  1.30  1.30  1.30  1.30  1.30  1.28  1.29  1.31  1.30  1.28  1.30  1.28  1.28  1.29   104
Ushuaia               -54.80  -68.30       0   1020   5.74  5.71  5.68  5.66  5.65  5.64  5.63  5.60  5.58  5.55  5.53  5.52  5.50  5.48  5.48  5.44  5.41  5.40  5.37  5.35  5.34  5.31  5.29  5.26  5.24  5.21  5.19  5.17  5.14  5.10  5.09  5.06  5.04  5.01  4.97  4.95  4.92  4.90  4.88  4.86  4.84  4.80  4.79  4.77  4.74  4.74  4.70  4.67  4.64  4.64  4.61  4.59  4.55  4.54  4.52  4.52  4.47  4.46  4.43  4.41  4.39  4.36  4.34  4.29  4.30  4.27  4.25  4.23  4.19  4.18  4.15   105
Utrecht                52.10    5.12       0   1013   2.68  2.70  2.69  2.70  2.69  2.68  2.70  2.71  2.69  2.72  2.70  2.71  2.72  2.71  2.71  2.72  2.72  2.74  2.73  2.73  2.74  2.74  2.75  2.74  2.76  2.75  2.76  2.77  2.74  2.77  2.76  2.76  2.76  2.76  2.77  2.76  2.77  2.76  2.76  2.77  2.75  2.77  2.74  2.77  2.76  2.75  2.74  2.75  2.75  2.74  2.74  2.75  2.74  2.76  2.76  2.77  2.77  2.76  2.77  2.77  2.78  2.78  2.79  2.77  2.80  2.81  2.79  2.80  2.79  2.80  2.80   106
Victoria               48.42 -123.32      71   1000   1.80  1.82  1.82  1.80  1.81  1.82  1.82  1.81  1.81  1.82  1.81  1.81  1.80  1.82  1.81  1.80  1.80  1.80  1.80  1.80  1.80  1.79  1.80  1.77  1.79  1.80  1.80  1.79  1.79  1.77  1.76  1.76  1.78  1.76  1.78  1.77  1.77  1.77  1.77  1.77  1.76  1.77  1.76  1.77  1.78  1.79  1.78  1.79  1.79  1.79  1.80  1.80  1.81  1.79  1.80  1.80  1.80  1.80  1.80  1.81  1.81  1.82  1.80  1.81  1.82  1.82  1.81  1.82  1.81  1.81  1.81   107
Yangbajing             30.11   90.53    4300    606  14.21 14.22 14.23 14.24 14.25 14.25 14.25 14.25 14.25 14.25 14.25 14.25 14.25 14.25 14.26 14.25 14.25 14.24 14.23 14.23 14.22 14.20 14.19 14.18 14.17 14.16 14.15 14.14 14.13 14.12 14.11 14.09 14.07 14.06 14.04 14.02 14.01 14.00 13.98 13.97 13.96 13.95 13.94 13.93 13.91 13.90 13.88 13.86 13.85 13.83 13.81 13.80 13.78 13.76 13.74 13.72 13.69 13.66 13.62 13.59 13.56 13.52 13.47 13.43 13.39 13.34 13.29 13.24 13.20 13.15 13.10   108
Yakutsk                62.02  129.73     105   1000   1.60  1.59  1.60  1.60  1.60  1.60  1.59  1.60  1.59  1.60  1.60  1.60  1.60  1.61  1.62  1.62  1.61  1.62  1.61  1.62  1.61  1.61  1.62  1.62  1.59  1.61  1.60  1.61  1.61  1.61  1.61  1.60  1.58  1.59  1.57  1.56  1.57  1.56  1.55  1.54  1.52  1.52  1.51  1.50  1.49  1.49  1.49  1.47  1.46  1.45  1.45  1.44  1.43  1.43  1.43  1.42  1.42  1.40  1.40  1.40  1.38  1.38  1.36  1.37  1.36  1.36  1.35  1.35  1.34  1.33  1.31   109
Zugspitze              47.42   10.98    2960    707   4.22  4.23  4.24  4.23  4.22  4.23  4.24  4.24  4.24  4.22  4.24  4.25  4.25  4.24  4.27  4.25  4.25  4.24  4.24  4.25  4.26  4.26  4.27  4.26  4.28  4.27  4.27  4.26  4.28  4.28  4.28  4.29  4.28  4.27  4.27  4.25  4.25  4.26  4.24  4.25  4.26  4.25  4.24  4.22  4.22  4.23  4.22  4.23  4.21  4.22  4.24  4.20  4.23  4.22  4.22  4.21  4.22  4.22  4.23  4.24  4.22  4.23  4.22  4.23  4.23  4.22  4.22  4.23  4.26  4.23  4.24   110
Alert                  82.50  -62.33      57   1003  0.004 0.004 0.004 0.004 0.004 0.004 0.004 0.004 0.004 0.004 0.004 0.004 0.004 0.004 0.004 0.004 0.004 0.004 0.004 0.004 0.004 0.004 0.004 0.004 0.004 0.004 0.004 0.004 0.004 0.004 0.004 0.004 0.004 0.004 0.004 0.004 0.004 0.004 0.004 0.004 0.004 0.004 0.004 0.004 0.004 0.004 0.004 0.004 0.004 0.004 0.004 0.004 0.004 0.004 0.004 0.004 0.004 0.004 0.004 0.004 0.004 0.004 0.004 0.004 0.004 0.004 0.004 0.004 0.004 0.004 0.004   111
Casey                 -66.28  110.53       0   1000  0.006 0.006 0.006 0.006 0.006 0.006 0.006 0.006 0.006 0.006 0.006 0.006 0.006 0.006 0.006 0.006 0.006 0.006 0.006 0.006 0.006 0.006 0.006 0.006 0.006 0.006 0.006 0.006 0.006 0.006 0.006 0.006 0.006 0.006 0.006 0.006 0.006 0.006 0.006 0.006 0.006 0.006 0.006 0.006 0.006 0.006 0.006 0.006 0.006 0.006 0.006 0.006 0.006 0.006 0.006 0.006 0.006 0.006 0.006 0.006 0.006 0.006 0.006 0.006 0.006 0.006 0.006 0.006 0.006 0.006 0.006   112
Heiss                  80.60   58.00      20   1000  0.004 0.004 0.004 0.004 0.004 0.004 0.004 0.004 0.004 0.004 0.004 0.004 0.004 0.004 0.004 0.004 0.004 0.004 0.004 0.004 0.004 0.004 0.004 0.004 0.004 0.004 0.004 0.004 0.004 0.004 0.004 0.004 0.004 0.004 0.004 0.004 0.004 0.004 0.004 0.004 0.004 0.004 0.004 0.004 0.004 0.004 0.004 0.004 0.004 0.004 0.004 0.004 0.004 0.004 0.004 0.004 0.004 0.004 0.004 0.004 0.004 0.004 0.004 0.004 0.004 0.004 0.004 0.004 0.004 0.004 0.004   113
Mcmurdo               -77.85  166.72      48    992  0.005 0.005 0.005 0.005 0.005 0.005 0.005 0.005 0.005 0.005 0.005 0.005 0.005 0.005 0.005 0.005 0.005 0.005 0.005 0.005 0.005 0.005 0.005 0.005 0.005 0.005 0.005 0.005 0.005 0.005 0.005 0.005 0.005 0.005 0.005 0.005 0.005 0.005 0.005 0.005 0.005 0.005 0.005 0.005 0.005 0.005 0.005 0.005 0.005 0.005 0.005 0.005 0.005 0.005 0.005 0.005 0.005 0.005 0.005 0.005 0.005 0.005 0.005 0.005 0.005 0.005 0.005 0.005 0.005 0.005 0.005   114
Mirny                 -66.55   93.02      30   1013  0.009 0.009 0.009 0.009 0.009 0.009 0.009 0.009 0.009 0.009 0.009 0.009 0.009 0.009 0.009 0.009 0.009 0.009 0.009 0.009 0.009 0.009 0.009 0.009 0.009 0.009 0.009 0.009 0.009 0.009 0.009 0.009 0.009 0.009 0.009 0.009 0.009 0.009 0.009 0.009 0.009 0.009 0.009 0.009 0.009 0.009 0.009 0.009 0.009 0.009 0.009 0.009 0.009 0.009 0.009 0.009 0.009 0.009 0.009 0.009 0.009 0.009 0.009 0.009 0.009 0.009 0.009 0.009 0.009 0.009 0.009   115
ResoluteBay            74.68  -94.90      17   1000  0.004 0.004 0.004 0.004 0.004 0.004 0.004 0.004 0.004 0.004 0.004 0.004 0.004 0.004 0.004 0.004 0.004 0.004 0.004 0.004 0.004 0.004 0.004 0.004 0.004 0.004 0.004 0.004 0.004 0.004 0.004 0.004 0.004 0.004 0.004 0.004 0.004 0.004 0.004 0.004 0.004 0.004 0.004 0.004 0.004 0.004 0.004 0.004 0.004 0.004 0.004 0.004 0.004 0.004 0.004 0.004 0.004 0.004 0.004 0.004 0.004 0.004 0.004 0.004 0.004 0.004 0.004 0.004 0.004 0.004 0.004   116
TerraAdelie           -66.65  140.01      45   1000  0.004 0.004 0.004 0.004 0.004 0.004 0.004 0.004 0.004 0.004 0.004 0.004 0.004 0.004 0.004 0.004 0.004 0.004 0.004 0.004 0.004 0.004 0.004 0.004 0.004 0.004 0.004 0.004 0.004 0.004 0.004 0.004 0.004 0.004 0.004 0.004 0.004 0.004 0.004 0.004 0.004 0.004 0.004 0.004 0.004 0.004 0.004 0.004 0.004 0.004 0.004 0.004 0.004 0.004 0.004 0.004 0.004 0.004 0.004 0.004 0.004 0.004 0.004 0.004 0.004 0.004 0.004 0.004 0.004 0.004 0.004   117
Thule                  76.50  -68.70     260   1005  0.004 0.004 0.004 0.004 0.004 0.004 0.004 0.004 0.004 0.004 0.004 0.004 0.004 0.004 0.004 0.004 0.004 0.004 0.004 0.004 0.004 0.004 0.004 0.004 0.004 0.004 0.004 0.004 0.004 0.004 0.004 0.004 0.004 0.004 0.004 0.004 0.004 0.004 0.004 0.004 0.004 0.004 0.004 0.004 0.004 0.004 0.004 0.004 0.004 0.004 0.004 0.004 0.004 0.004 0.004 0.004 0.004 0.004 0.004 0.004 0.004 0.004 0.004 0.004 0.004 0.004 0.004 0.004 0.004 0.004 0.004   118
Vostok                -78.47  106.87    3488    632  0.008 0.008 0.008 0.008 0.008 0.008 0.008 0.008 0.008 0.008 0.008 0.008 0.008 0.008 0.008 0.008 0.008 0.008 0.008 0.008 0.008 0.008 0.008 0.008 0.008 0.008 0.008 0.008 0.008 0.008 0.008 0.008 0.008 0.008 0.008 0.008 0.008 0.008 0.008 0.008 0.008 0.008 0.008 0.008 0.008 0.008 0.008 0.008 0.008 0.008 0.008 0.008 0.008 0.008 0.008 0.008 0.008 0.008 0.008 0.008 0.008 0.008 0.008 0.008 0.008 0.008 0.008 0.008 0.008 0.008 0.008   119
Wilkes                -66.42  110.45       0   1010  0.006 0.006 0.006 0.006 0.006 0.006 0.006 0.006 0.006 0.006 0.006 0.006 0.006 0.006 0.006 0.006 0.006 0.006 0.006 0.006 0.006 0.006 0.006 0.006 0.006 0.006 0.006 0.006 0.006 0.006 0.006 0.006 0.006 0.006 0.006 0.006 0.006 0.006 0.006 0.006 0.006 0.006 0.006 0.006 0.006 0.006 0.006 0.006 0.006 0.006 0.006 0.006 0.006 0.006 0.006 0.006 0.006 0.006 0.006 0.006 0.006 0.006 0.006 0.006 0.006 0.006 0.006 0.006 0.006 0.006 0.006   120
